   9.0000000e+00   9.1111111e+00   7.6658615e+00   8.1633020e+00   2.2897159e+00   0.0000000e+00
   3.1000000e+01   3.6774194e+00   2.0539042e+00   4.7572197e+00   1.5960497e+00   6.4516129e-01
   7.0000000e+00   7.2857143e+00   3.2387954e+00   8.4458333e+00   6.7891099e-01   4.2857143e-01
   1.1000000e+01   7.0000000e+00   6.1791438e+00   7.3917112e+00   2.7024818e+00   7.2727273e-01
   1.2000000e+01   6.4166667e+00   8.1287385e+00   6.2610870e+00   1.8624445e+00   3.3333333e-01
   2.0000000e+01   3.8500000e+00   1.2757351e+00   7.0187500e+00   1.9179559e+00   7.0000000e-01
   1.5000000e+01   7.0000000e+00   4.1472883e+00   6.3550595e+00   2.4456841e+00   2.0000000e-01
   1.1000000e+01   3.7272727e+00   2.2193737e+00   8.0691919e+00   7.8044048e-01   5.4545455e-01
   1.1000000e+01   7.3636364e+00   5.0860366e+00   6.8375902e+00   2.2579118e+00   1.8181818e-01
   4.0000000e+00   2.0500000e+01   8.7607077e+00   9.0980903e+00   1.1229415e+00   0.0000000e+00
   1.0000000e+01   3.6000000e+00   8.0000000e-01   9.0750000e+00   1.5331748e+00   9.0000000e-01
   9.0000000e+00   7.6666667e+00   4.9888765e+00   6.5833333e+00   2.4636243e+00   6.6666667e-01
   1.2000000e+01   4.5000000e+00   1.6583124e+00   7.6770833e+00   2.1387170e+00   3.3333333e-01
   8.0000000e+00   6.2500000e+00   1.5612495e+00   7.6250000e+00   1.3404757e+00   6.2500000e-01
   7.0000000e+00   8.4285714e+00   5.5769204e+00   8.2409595e+00   8.1788283e-01   2.8571429e-01
   1.6000000e+01   5.5625000e+00   2.5731486e+00   7.8052381e+00   1.4633022e+00   5.0000000e-01
   1.4000000e+01   5.7142857e+00   2.6029810e+00   7.3115646e+00   1.8596316e+00   5.7142857e-01
   6.0000000e+00   8.3333333e+00   7.4535599e-01   7.5476190e+00   1.5192804e+00   5.0000000e-01
   1.3000000e+01   5.1538461e+00   2.8513466e+00   6.0500000e+00   1.5925843e+00   2.3076923e-01
   9.0000000e+00   5.8888889e+00   3.1778555e+00   6.5777778e+00   1.3222689e+00   5.5555556e-01
   1.0000000e+01   9.7000000e+00   7.7077883e+00   6.0263504e+00   1.5803668e+00   2.0000000e-01
   6.0000000e+00   7.6666667e+00   9.4280904e-01   6.6931217e+00   9.1485444e-01   5.0000000e-01
   1.6000000e+01   5.1875000e+00   2.6976552e+00   6.9037698e+00   2.2117096e+00   5.6250000e-01
   1.1000000e+01   4.6363636e+00   2.0570379e+00   1.0030952e+01   2.3123936e+00   4.5454545e-01
   4.0000000e+00   5.7500000e+00   4.3301270e-01   5.5583333e+00   5.4435232e-01   0.0000000e+00
   1.1000000e+01   3.9090909e+00   2.2342192e+00   7.9273809e+00   2.9032463e+00   4.5454545e-01
   2.3000000e+01   4.0000000e+00   1.1033546e+00   7.4673913e+00   1.6628033e+00   3.9130435e-01
   1.0000000e+01   9.7000000e+00   7.7077883e+00   6.0263504e+00   1.5803668e+00   2.0000000e-01
   1.4000000e+01   6.2857143e+00   2.4907994e+00   5.7446429e+00   1.2795034e+00   1.4285714e-01
   9.0000000e+00   5.5555556e+00   2.8327886e+00   6.8489418e+00   2.1567560e+00   3.3333333e-01
   8.0000000e+00   1.0750000e+01   6.9417217e+00   8.4639985e+00   1.0500930e+00   3.7500000e-01
   9.0000000e+00   8.1111111e+00   2.6851213e+00   5.9135802e+00   2.7000846e+00   3.3333333e-01
   8.0000000e+00   7.0000000e+00   2.6457513e+00   6.3899382e+00   1.9631736e+00   6.2500000e-01
   1.0000000e+01   5.2000000e+00   2.8213472e+00   7.0934849e+00   2.4041417e+00   0.0000000e+00
   7.0000000e+00   5.8571429e+00   1.3552618e+00   7.3561224e+00   1.3242547e+00   5.7142857e-01
   8.0000000e+00   5.8750000e+00   1.6909687e+00   5.5250000e+00   1.6244230e+00   6.2500000e-01
   1.1000000e+01   4.4545455e+00   1.2331509e+00   6.8272727e+00   2.6143280e-01   7.2727273e-01
   1.0000000e+01   6.8000000e+00   3.6823905e+00   9.0475000e+00   3.8360209e+00   7.0000000e-01
   1.0000000e+01   1.0300000e+01   4.7127487e+00   5.9684314e+00   2.6092165e+00   0.0000000e+00
   1.0000000e+01   3.0000000e+00   1.2649111e+00   8.4050000e+00   1.9522359e+00   5.0000000e-01
   1.0000000e+01   7.5000000e+00   6.5459911e+00   5.7324359e+00   2.0594253e+00   3.0000000e-01
   1.3000000e+01   6.0769231e+00   1.5913970e+00   8.1619048e+00   3.6022685e+00   3.0769231e-01
   9.0000000e+00   8.0000000e+00   2.5819889e+00   5.9846080e+00   1.3035920e+00   6.6666667e-01
   1.0000000e+01   4.5000000e+00   8.0622577e-01   8.1683333e+00   1.6090448e+00   4.0000000e-01
   1.2000000e+01   6.1666667e+00   5.1934788e+00   8.4734849e+00   1.4825905e+00   3.3333333e-01
   9.0000000e+00   6.2222222e+00   1.7497795e+00   6.6703704e+00   2.8043372e+00   5.5555556e-01
   8.0000000e+00   4.8750000e+00   1.6153560e+00   8.1377976e+00   1.7522182e+00   3.7500000e-01
   9.0000000e+00   3.7777778e+00   1.0304021e+00   6.8222222e+00   1.1205433e+00   3.3333333e-01
   1.6000000e+01   5.0000000e+00   1.0000000e+00   6.5442708e+00   1.5858881e+00   6.2500000e-01
   9.0000000e+00   1.0555556e+01   4.9014989e+00   8.5419027e+00   1.4369887e+00   4.4444444e-01
   1.3000000e+01   3.7692308e+00   1.2498521e+00   8.0500000e+00   2.8342005e+00   8.4615385e-01
   1.2000000e+01   6.1666667e+00   5.1934788e+00   8.4734849e+00   1.4825905e+00   3.3333333e-01
   8.0000000e+00   7.1250000e+00   5.5775779e+00   8.4385369e+00   1.2309069e+00   3.7500000e-01
   9.0000000e+00   6.2222222e+00   1.7497795e+00   6.6703704e+00   2.8043372e+00   5.5555556e-01
   8.0000000e+00   4.8750000e+00   1.6153560e+00   8.1377976e+00   1.7522182e+00   3.7500000e-01
   9.0000000e+00   3.7777778e+00   1.0304021e+00   6.8222222e+00   1.1205433e+00   3.3333333e-01
   1.6000000e+01   5.0000000e+00   1.0000000e+00   6.5442708e+00   1.5858881e+00   6.2500000e-01
   9.0000000e+00   1.0555556e+01   4.9014989e+00   8.5419027e+00   1.4369887e+00   4.4444444e-01
   7.0000000e+00   1.2142857e+01   5.5659313e+00   5.6902311e+00   2.3200657e+00   4.2857143e-01
   6.0000000e+00   3.8333333e+00   1.2133516e+00   6.0416667e+00   1.0947581e+00   6.6666667e-01
   7.0000000e+00   7.2857143e+00   2.7105237e+00   7.3214286e+00   2.0820820e+00   5.7142857e-01
   1.1000000e+01   7.4545455e+00   1.1570838e+00   6.1217533e+00   6.7963085e-01   5.4545455e-01
   1.6000000e+01   4.5625000e+00   3.6906766e+00   4.3411977e+00   1.2107757e+00   3.7500000e-01
   7.0000000e+00   1.3142857e+01   4.7337261e+00   5.2135112e+00   1.6977858e+00   4.2857143e-01
   1.0000000e+01   4.5000000e+00   5.0000000e-01   7.6700000e+00   1.8926436e+00   2.0000000e-01
   1.1000000e+01   5.4545455e+00   1.9241828e+00   7.3984849e+00   1.4416330e+00   1.8181818e-01
   1.3000000e+01   6.9230769e+00   9.5873437e+00   5.9326923e+00   7.7617062e-01   6.9230769e-01
   1.2000000e+01   6.6666667e+00   3.4237731e+00   6.8182540e+00   1.0361177e+00   5.8333333e-01
   1.3000000e+01   3.8461538e+00   1.4595128e+00   6.9930403e+00   2.9814273e+00   4.6153846e-01
   1.2000000e+01   4.6666667e+00   1.9720266e+00   6.2341270e+00   1.9098910e+00   3.3333333e-01
   3.0000000e+01   4.3666667e+00   2.5097587e+00   5.8290404e+00   2.3177901e+00   6.0000000e-01
   7.0000000e+00   5.8571429e+00   2.9965967e+00   8.2198052e+00   1.1409367e+00   7.1428571e-01
   6.0000000e+00   8.5000000e+00   1.6072751e+00   6.5721741e+00   1.2445398e+00   5.0000000e-01
   9.0000000e+00   6.1111111e+00   4.3061827e+00   8.2115741e+00   2.5711284e+00   5.5555556e-01
   1.3000000e+01   5.1538461e+00   9.4837139e-01   5.3769231e+00   1.9978465e+00   6.9230769e-01
   1.0000000e+01   5.2000000e+00   2.1817424e+00   6.4565873e+00   1.3698874e+00   5.0000000e-01
   8.0000000e+00   5.1250000e+00   1.9645292e+00   8.1614583e+00   1.3157100e+00   0.0000000e+00
   5.0000000e+00   5.2000000e+00   2.4000000e+00   9.0000000e+00   1.6336309e+00   0.0000000e+00
   6.0000000e+00   1.2333333e+01   6.0184900e+00   7.1910805e+00   1.1354084e+00   3.3333333e-01
   1.1000000e+01   6.0000000e+00   3.4112115e+00   8.4128788e+00   2.0634241e+00   6.3636364e-01
   1.3000000e+01   6.6153846e+00   4.8601751e+00   5.6197136e+00   1.4963908e+00   3.0769231e-01
   4.0000000e+00   1.3000000e+01   7.1763500e+00   7.7107488e+00   2.0945213e+00   0.0000000e+00
   1.1000000e+01   5.6363636e+00   3.0532465e+00   5.2879870e+00   1.4914366e+00   8.1818182e-01
   7.0000000e+00   1.2571429e+01   7.8895436e+00   8.1820656e+00   1.6350344e-01   5.7142857e-01
   9.0000000e+00   5.8888889e+00   1.9688939e+00   5.7502645e+00   2.1917173e+00   2.2222222e-01
   1.2000000e+01   3.9166667e+00   2.2897719e+00   7.9388889e+00   2.0505570e+00   5.0000000e-01
   1.1000000e+01   4.4545455e+00   2.6752616e+00   4.8109668e+00   1.3370904e+00   1.8181818e-01
   1.8000000e+01   4.1666667e+00   2.5873625e+00   9.3425926e+00   1.6768598e+00   6.1111111e-01
   1.1000000e+01   3.9090909e+00   6.6804266e-01   6.6681818e+00   1.8877925e+00   3.6363636e-01
   6.0000000e+00   1.3500000e+01   3.4034296e+00   8.0227273e+00   8.0998171e-01   3.3333333e-01
   1.2000000e+01   3.5833333e+00   4.9300665e-01   7.5555556e+00   1.9838274e+00   9.1666667e-01
   8.0000000e+00   1.5125000e+01   1.1240969e+01   5.1589306e+00   6.3084189e-01   5.0000000e-01
   1.4000000e+01   5.5000000e+00   4.4037322e+00   7.0127551e+00   1.2280339e+00   6.4285714e-01
   1.7000000e+01   4.5294118e+00   1.8187794e+00   7.0906863e+00   1.2820655e+00   5.2941176e-01
   9.0000000e+00   6.0000000e+00   4.3969686e+00   6.1037037e+00   2.0814996e+00   7.7777778e-01
   8.0000000e+00   5.6250000e+00   1.1110243e+00   6.9758929e+00   1.1775263e+00   3.7500000e-01
   1.0000000e+01   4.3000000e+00   2.4103942e+00   8.0815476e+00   2.4455088e+00   4.0000000e-01
   1.3000000e+01   3.9230769e+00   1.6390212e+00   6.5069444e+00   1.6851264e+00   4.6153846e-01
   6.0000000e+00   5.1666667e+00   1.6749793e+00   8.5694444e+00   2.7260815e+00   3.3333333e-01
   1.0000000e+01   6.5000000e+00   3.7215588e+00   7.7400000e+00   3.3593667e+00   3.0000000e-01
