[[ 9.          9.11111111  7.66586147  8.16330198  2.28971589  0.        ]
 [31.          3.67741935  2.05390418  4.75721966  1.5960497   0.64516129]
 [ 7.          7.28571429  3.23879544  8.44583333  0.67891099  0.42857143]
 [11.          7.          6.17914381  7.39171123  2.70248183  0.72727273]
 [12.          6.41666667  8.12873846  6.26108696  1.86244451  0.33333333]
 [20.          3.85        1.27573508  7.01875     1.91795586  0.7       ]
 [15.          7.          4.14728827  6.35505952  2.44568407  0.2       ]
 [11.          3.72727273  2.21937375  8.06919192  0.78044048  0.54545455]
 [11.          7.36363636  5.08603663  6.83759019  2.25791183  0.18181818]
 [ 4.         20.5         8.76070773  9.09809028  1.12294151  0.        ]
 [10.          3.6         0.8         9.075       1.53317481  0.9       ]
 [ 9.          7.66666667  4.98887652  6.58333333  2.46362425  0.66666667]
 [12.          4.5         1.6583124   7.67708333  2.13871696  0.33333333]
 [ 8.          6.25        1.5612495   7.625       1.34047566  0.625     ]
 [ 7.          8.42857143  5.57692037  8.24095954  0.81788283  0.28571429]
 [16.          5.5625      2.57314861  7.8052381   1.46330215  0.5       ]
 [14.          5.71428571  2.60298102  7.31156463  1.85963156  0.57142857]
 [ 6.          8.33333333  0.74535599  7.54761905  1.51928038  0.5       ]
 [13.          5.15384615  2.85134661  6.05        1.59258431  0.23076923]
 [ 9.          5.88888889  3.17785548  6.57777778  1.32226891  0.55555556]
 [10.          9.7         7.70778827  6.02635043  1.58036678  0.2       ]
 [ 6.          7.66666667  0.94280904  6.69312169  0.91485444  0.5       ]
 [16.          5.1875      2.69765523  6.90376984  2.21170961  0.5625    ]
 [11.          4.63636364  2.05703791 10.03095238  2.31239359  0.45454545]
 [ 4.          5.75        0.4330127   5.55833333  0.54435232  0.        ]
 [11.          3.90909091  2.23421922  7.92738095  2.90324634  0.45454545]
 [23.          4.          1.10335457  7.4673913   1.66280334  0.39130435]
 [10.          9.7         7.70778827  6.02635043  1.58036678  0.2       ]
 [14.          6.28571429  2.4907994   5.74464286  1.27950343  0.14285714]
 [ 9.          5.55555556  2.83278862  6.8489418   2.15675596  0.33333333]
 [ 8.         10.75        6.94172169  8.4639985   1.05009295  0.375     ]
 [ 9.          8.11111111  2.68512133  5.91358025  2.7000846   0.33333333]
 [ 8.          7.          2.64575131  6.38993819  1.96317358  0.625     ]
 [10.          5.2         2.8213472   7.09348485  2.40414167  0.        ]
 [ 7.          5.85714286  1.35526185  7.35612245  1.32425472  0.57142857]
 [ 8.          5.875       1.69096866  5.525       1.62442297  0.625     ]
 [11.          4.45454545  1.23315091  6.82727273  0.2614328   0.72727273]
 [10.          6.8         3.68239053  9.0475      3.83602089  0.7       ]
 [10.         10.3         4.71274867  5.96843137  2.60921652  0.        ]
 [10.          3.          1.26491106  8.405       1.9522359   0.5       ]
 [10.          7.5         6.54599114  5.7324359   2.05942533  0.3       ]
 [13.          6.07692308  1.59139699  8.16190476  3.60226849  0.30769231]
 [ 9.          8.          2.5819889   5.98460798  1.30359201  0.66666667]
 [10.          4.5         0.80622577  8.16833333  1.60904475  0.4       ]
 [12.          6.16666667  5.19347882  8.47348485  1.48259047  0.33333333]
 [ 9.          6.22222222  1.74977953  6.67037037  2.80433722  0.55555556]
 [ 8.          4.875       1.615356    8.13779762  1.75221816  0.375     ]
 [ 9.          3.77777778  1.03040206  6.82222222  1.1205433   0.33333333]
 [16.          5.          1.          6.54427083  1.58588807  0.625     ]
 [ 9.         10.55555556  4.90149889  8.54190269  1.43698874  0.44444444]
 [13.          3.76923077  1.24985206  8.05        2.83420047  0.84615385]
 [12.          6.16666667  5.19347882  8.47348485  1.48259047  0.33333333]
 [ 8.          7.125       5.57757788  8.43853695  1.23090687  0.375     ]
 [ 9.          6.22222222  1.74977953  6.67037037  2.80433722  0.55555556]
 [ 8.          4.875       1.615356    8.13779762  1.75221816  0.375     ]
 [ 9.          3.77777778  1.03040206  6.82222222  1.1205433   0.33333333]
 [16.          5.          1.          6.54427083  1.58588807  0.625     ]
 [ 9.         10.55555556  4.90149889  8.54190269  1.43698874  0.44444444]
 [ 7.         12.14285714  5.56593135  5.69023109  2.32006572  0.42857143]
 [ 6.          3.83333333  1.21335165  6.04166667  1.09475813  0.66666667]
 [ 7.          7.28571429  2.71052371  7.32142857  2.08208201  0.57142857]
 [11.          7.45454545  1.15708382  6.12175325  0.67963085  0.54545455]
 [16.          4.5625      3.6906766   4.34119769  1.21077572  0.375     ]
 [ 7.         13.14285714  4.73372615  5.21351116  1.69778576  0.42857143]
 [10.          4.5         0.5         7.67        1.89264365  0.2       ]
 [11.          5.45454545  1.92418277  7.39848485  1.44163303  0.18181818]
 [13.          6.92307692  9.58734373  5.93269231  0.77617062  0.69230769]
 [12.          6.66666667  3.4237731   6.81825397  1.03611768  0.58333333]
 [13.          3.84615385  1.45951277  6.99304029  2.98142726  0.46153846]
 [12.          4.66666667  1.97202659  6.23412698  1.90989099  0.33333333]
 [30.          4.36666667  2.50975873  5.8290404   2.31779012  0.6       ]
 [ 7.          5.85714286  2.99659671  8.21980519  1.14093672  0.71428571]
 [ 6.          8.5         1.60727513  6.57217412  1.24453979  0.5       ]
 [ 9.          6.11111111  4.30618275  8.21157407  2.57112841  0.55555556]
 [13.          5.15384615  0.94837139  5.37692308  1.99784647  0.69230769]
 [10.          5.2         2.18174242  6.4565873   1.36988744  0.5       ]
 [ 8.          5.125       1.96452921  8.16145833  1.31570995  0.        ]
 [ 5.          5.2         2.4         9.          1.63363093  0.        ]
 [ 6.         12.33333333  6.01849003  7.19108045  1.13540843  0.33333333]
 [11.          6.          3.41121146  8.41287879  2.06342415  0.63636364]
 [13.          6.61538462  4.86017508  5.61971362  1.49639083  0.30769231]
 [ 4.         13.          7.17635005  7.71074879  2.09452126  0.        ]
 [11.          5.63636364  3.05324648  5.28798701  1.49143663  0.81818182]
 [ 7.         12.57142857  7.88954358  8.18206555  0.16350344  0.57142857]
 [ 9.          5.88888889  1.96889391  5.75026455  2.19171734  0.22222222]
 [12.          3.91666667  2.28977194  7.93888889  2.05055699  0.5       ]
 [11.          4.45454545  2.67526163  4.81096681  1.33709044  0.18181818]
 [18.          4.16666667  2.58736245  9.34259259  1.67685978  0.61111111]
 [11.          3.90909091  0.66804266  6.66818182  1.88779245  0.36363636]
 [ 6.         13.5         3.40342964  8.02272727  0.80998171  0.33333333]
 [12.          3.58333333  0.49300665  7.55555556  1.98382736  0.91666667]
 [ 8.         15.125      11.2409686   5.15893056  0.63084189  0.5       ]
 [14.          5.5         4.40373218  7.0127551   1.22803395  0.64285714]
 [17.          4.52941176  1.81877939  7.09068627  1.28206546  0.52941176]
 [ 9.          6.          4.39696865  6.1037037   2.0814996   0.77777778]
 [ 8.          5.625       1.1110243   6.97589286  1.17752625  0.375     ]
 [10.          4.3         2.41039416  8.08154762  2.44550882  0.4       ]
 [13.          3.92307692  1.63902121  6.50694444  1.68512636  0.46153846]
 [ 6.          5.16666667  1.67497927  8.56944444  2.72608145  0.33333333]
 [10.          6.5         3.72155881  7.74        3.35936667  0.3       ]]